a_data = [1.47086
1.67517
1.87444
1.64125
2.21648
1.09509
1.6904
1.72965
1.97437
1.86676
1.96926
1.28854
1.27969
1.2103
1.94352
1.42111
1.32763
2.19514
1.75577
2.33053
1.42565
1.19246
1.3073
1.50493
1.90701
1.51383
1.51628
1.03103
1.21713
1.21445
1.85196
1.56494
1.78674
1.50999
2.02024
1.91015
1.52929
1.86162
1.69644
1.8877
1.59612
1.47636
1.91478
1.46593
1.34798
2.10964
1.44248
2.60241
1.67452
2.08648
1.75231
2.19547
1.19267
1.41156
1.73391
1.49482
2.45503
1.84917
1.40954
1.53913
1.66915
1.60554
1.41053
1.88792
2.00451
1.94166
1.82594
1.83676
1.94831
1.86946
1.25536
1.30641
2.22882
1.24417
2.61182
1.23146
2.36858
1.83996
1.75378
1.66765
1.48735
1.16076
1.80127
1.42284
1.75181
1.42689
1.96427
1.79427
1.62947
2.01977
2.30322
1.43926
1.42529
1.1743
1.43616
1.90652
1.80843
2.11121
2.15616
1.22667
1.65934
1.51724
1.86023
1.68212
1.58361
1.80494
1.27926
1.96067
1.70751
1.48531
1.74998
1.33399
2.10828
1.43019
1.82323
1.56556
1.52148
1.44103
1.73288
1.33292
1.87356
1.65373
1.85781
1.5097
1.31716
1.6574
2.69914
2.03451
1.97643
1.4946
2.09934
1.75984
1.80346
1.19225
1.82539
1.7213
1.01653
1.38136
1.86413
1.37751
1.70656
1.68589
1.42935
1.45812
2.15144
1.54372
1.23997
1.81566
1.77444
1.87133
1.60454
1.87145
1.96956
1.77229
1.68611
1.68559
1.54568
1.63803
1.39869
1.87355
1.71003
1.77305
1.19749
1.20686
1.16015
1.62073
1.62286
1.41422
1.73859
2.12699
1.523
1.46121
1.43151
1.43232
1.1393
1.32936
1.77326
1.43639
1.69021
1.64534
1.64836
2.59596
1.78724
1.67946
1.63255
1.38315
1.21688
1.40205
1.00594
1.47222
1.83855
1.64688
1.86142
1.32345
1.39765
1.69892
2.06785
1.16016
2.15719
1.73529
2.16136
1.49852
1.77983
1.34699
1.76956
1.92145
1.44093
1.50665
2.02297
1.57348
1.41699
1.98108
1.73587
1.25573
1.76396
1.10521
2.06227
1.4965
1.22502
1.81505
2.06627
2.12999
1.57829
1.45575
2.18873
1.33093
1.79246
1.20775
1.34568
1.89378
1.39348
1.80401
1.84649
1.77043
1.56181
1.66549
1.22579
1.58188
1.5255
2.12478
1.6779
1.27904
1.43947
1.19679
1.64948
1.81906
1.68246
1.41528
2.52465
1.72897
2.08827
1.77389
1.28232
1.49466
1.30015
1.43842
1.61404
1.55707
1.78563
1.39289
1.38521
1.40899
1.67034
1.27566
1.27162
2.18181
1.98911
1.70563
2.02299
1.399
1.25465
1.16052
2.96982
1.53712
2.53237
1.97939
1.38469
2.0797
1.77966
1.62454
1.54109
1.35107
1.95865
1.88298
2.89346
1.35174
1.8246
2.59881
1.88606
1.35834
2.11613
1.58335
2.80187
1.51732
1.99603
1.55413
1.14269
1.80451
1.82178
1.83431
1.60857
0.996395
1.91756
1.37253
1.21877
1.57513
1.14715
1.89447
2.252
1.15578
1.64088
2.24647
1.74545
1.36971
1.59523
1.07742
1.54401
1.6917
1.38033
1.45626
1.67573
1.13206
1.48746
1.79409
1.75425
1.75429
1.36984
1.25643
1.73243
1.71682
1.21755
1.86724
1.32117
1.52153
1.89304
1.89962
1.48845
1.87285
2.09395
1.26905
2.02467
1.86433
1.8606
1.96965
1.82614
1.46968
1.45917
1.14942
1.45045
2.34776
1.22154
0.948945
1.65521
2.01322
1.74863
1.46882
1.33098
2.00433
1.15793
1.57051
2.27756
2.35335
1.37879
1.55192
1.36557
2.18785
1.56439
1.92125
1.44409
2.00737
1.73687
1.80958
1.47616
2.29367
1.52807
1.81907
1.63353
1.72637
1.33878
1.38661
1.49029
1.44316
2.07082
1.40334
1.56995
2.08753
1.43781
1.88812
1.27987
1.35956
1.67618
1.94459
1.38271
2.32255
1.43534
1.90512
2.07172
1.96092
1.69201
1.71948
1.8724
1.40999
1.47709
1.6575
2.00706
1.32645
1.94336
1.9167
1.51796
2.31211
1.4444
1.69064
2.51359
1.84269
1.45162
1.48962
1.21685
1.47955
1.99866
1.8608
1.60194
1.77941
1.78193
2.01218
1.75101
1.45393
1.45073
1.82686
1.73655
2.67093
1.81211
1.60332
1.66816
1.97617
1.33812
1.24857
1.62344
1.54622
1.52935
1.88121
1.8117
2.08093
1.95646
1.87038
1.27488
1.47886
1.80834
1.47389
1.73259
1.58513
1.8015
2.34788
1.18613
2.01537
1.60701
1.97748
1.59572
1.15985
1.77134
1.74846
1.9413
1.87094
1.61543
1.54454
1.76008
1.52408
1.64072
1.98793
1.68596
1.55936
1.42085
1.94359
0.859803
1.45006
1.50812
2.03224
1.6384
1.74415
1.24572
1.84617
1.79717
2.05138
2.06915
1.61911
1.76146
1.2898
1.5942
2.15779
1.98255
1.4005
1.69786
1.44465
1.96399
1.55797
1.75396
1.62159
1.52258
1.11319
2.10169
1.33539
1.86114
1.2818
1.74723
1.49579
1.3904
1.63226
1.73602
1.49741
1.93833
1.60867
1.32076
1.81868
2.1031
1.64048
1.54148
1.37018
1.79706
1.6446
1.36331
1.65962
1.70422
1.70429
2.08692
1.81623
1.671
2.96054
1.58406
1.49748
1.90269
1.67531
1.39688
1.58218
1.7629
1.92488
1.49406
1.92961
1.55721
1.83918
1.80462
1.59698
2.22678
1.73714
1.57567
1.82848
1.7286
1.79416
2.0111
1.58852
2.05407
1.80227
1.48392
1.38426
1.54125
1.51464
1.99452
2.27214
1.38277
1.61369
2.24305
1.25516
2.10857
2.01136
1.77082
1.08884
2.16621
1.57385
1.98234
1.52528
1.78455
1.72758
1.48368
1.59282
1.93401
1.85735
1.51873
1.25345
1.84706
1.70682
1.91413
1.86667
1.66136
1.11851
1.92218
1.55003
1.45339
1.55525
1.02999
1.34398
1.41705
1.26981
1.4268
1.65668
1.60112
2.05523
1.88674
1.35893
1.48835
1.13223
2.10102
2.02999
1.60001
1.25123
1.75986
1.34024
1.41937
1.45
1.57272
2.15117
1.57688
1.53149
1.87731
1.45727
2.68924
2.18959
1.73379
2.10381
1.21716
1.54053
1.65261
1.53033
1.84789
1.39647
1.86251
1.73787
2.70494
1.71978
1.64119
2.20479
1.68168
1.24443
1.84409
1.44871
1.36719
1.47468
1.56154
1.34603
1.23606
1.91417
1.9068
1.5163
1.99022
1.36571
1.22533
1.94016
1.59598
1.486
1.58034
2.18665
2.34208
2.12869
1.3373
1.24436
1.85499
1.44987
1.95014
2.1419
1.60565
2.43667
1.73502
1.56308
1.48398
1.03206
1.78209
1.84018
1.52661
1.88158
1.78088
1.29962
2.46987
1.58038
2.17077
1.34714
1.37087
1.63985
1.81661
1.52365
2.08088
1.64883
1.41679
1.34237
1.77573
1.46496
1.55069
1.51988
2.16966
1.97216
1.56103
1.20134
1.43941
1.48757
1.70289
1.476
1.71847
1.92749
1.47675
1.4677
1.79716
1.58258
1.61067
1.54641
1.28258
1.77446
1.43125
1.59889
1.21589
1.5212
1.87049
1.84256
1.26074
1.2347
1.33424
1.62166
2.05303
1.69355
1.49823
1.45661
1.40178
1.8323
1.68423
1.48498
1.69872
1.58556
1.27917
2.11692
2.36065
2.56343
1.91519
1.90397
2.11427
1.49528
1.99389
1.85633
1.92204
1.34247
1.94004
1.50112
1.51635
2.64086
1.42122
2.45095
1.44166
1.76277
1.23553
1.50195
1.60253
1.91229
1.5468
1.84751
1.59451
2.49528
1.41651
1.67909
1.83853
1.94733
1.3261
1.37996
0.952957
1.72118
1.06595
1.28948
2.14977
1.73865
1.76797
1.4555
1.98875
2.25944
2.20214
2.00486
1.3211
1.59225
1.50288
1.72724
1.98153
1.33515
1.43173
1.55315
1.61659
1.88168
1.40313
1.9335
1.30971
1.43985
1.82375
1.57004
2.20049
1.08493
1.42864
1.44119
1.11993
1.55853
1.66304
1.21642
2.03016
2.00464
1.42621
1.2963
1.22014
1.33007
2.50772
1.83313
1.71159
1.54769
1.8838
1.61305
1.51128
1.26569
1.46939
1.54698
1.957
1.45453
1.37879
1.46679
1.60803
1.56405
2.08744
2.27018
1.44073
1.68636
2.33338
1.3828
2.23304
1.28723
1.55629
1.1153
1.36636
2.34174
1.86388
1.65844
1.62695
2.13785
1.73853
1.3375
1.64915
1.86666
1.41258
1.3527
1.63346
1.42261
1.63341
2.07103
1.0102
2.07518
1.54186
1.42093
1.87641
1.55212
1.73027
1.56134
1.55539
1.47193
1.65439
1.4401
1.88581
1.84027
1.80981
1.41831
1.92921
1.89797
1.10252
1.99579
1.75814
1.26744
1.18753
1.61578
1.43673
1.54622
1.35135
1.94934
1.13827
2.24184
1.92742
1.70877
1.69557
1.64648
1.65618
1.58137
1.20733
1.73814
1.35304
1.6649
1.0726
2.11372
1.31079
1.51285
1.93518
2.47933
1.35146
1.10443
1.36698
2.08878
2.52867
1.49887
2.31914
1.72446
1.49146
1.77902
2.02542
1.79979
1.39109
1.26797
1.89289
1.41587
1.53668
1.48309
1.72569
1.82035
1.03323
1.6821
1.64324
1.5645
1.59303
1.56977
1.62137
1.56849
1.50822
1.73551
1.78675
2.31646
1.40821
2.12755
1.44857
2.15514
1.67647
1.65026
1.90996
1.41123
1.66006
1.1993
1.27108
1.51448
1.64584
1.37587
2.1322
1.65426
1.29144
1.57702
1.38481
1.68237
1.34831
1.4637
1.56513
1.46847
1.43411
1.66397
2.47451
1.03887
1.41633
1.31106
0.98555
1.36124
1.33034
1.4231
1.99906
2.31607
1.59782
1.77878
2.42743
1.68039
2.13211
1.61925
2.01773
2.40783
2.14606
1.45062
1.3294
1.52398
1.66742
1.28604
1.6591
1.77993
1.57634
2.15123
1.82793
1.56068
1.74224
2.31064
1.28451
1.46298
1.18368
1.40148
1.6311
2.24245
1.38471
2.01679
1.22291
1.41565
1.83326
1.78997
1.76522
1.50395
1.64719
1.49715
2.98385
1.46121
1.80862
1.28784
1.89218
1.27284
1.84264
1.43879
1.97088
1.32186
1.44818
1.61128
1.91136
1.4273
1.82771
1.43372
1.70645
