model_data = [0.110109
0.0810445
0.0601053
0.0852752
0.0359825
0.193469
0.0792145
0.0746846
0.0517381
0.0608013
0.0521362
0.144741
0.146675
0.162766
0.054189
0.118639
0.136497
0.0371532
0.0718158
0.0303246
0.117835
0.16718
0.140724
0.104622
0.0572391
0.103235
0.102857
0.212984
0.161106
0.161755
0.0621668
0.0956161
0.0685554
0.103832
0.0482981
0.0569699
0.100869
0.0612724
0.0785002
0.0589214
0.0912479
0.109204
0.0565764
0.110925
0.132395
0.0422373
0.114896
0.0201688
0.0811242
0.04373
0.0721893
0.0371348
0.167127
0.120352
0.0742093
0.106221
0.025159
0.0624268
0.120717
0.0993904
0.0817799
0.0899674
0.120537
0.0589018
0.0494512
0.05434
0.0646404
0.0635998
0.0538009
0.0605557
0.152126
0.140914
0.0353225
0.154701
0.0198862
0.157681
0.0286421
0.0632958
0.0720303
0.0819643
0.107419
0.175321
0.0670772
0.118332
0.0722435
0.117615
0.0525286
0.0677856
0.0867952
0.0483323
0.0315925
0.115453
0.117898
0.171795
0.115992
0.057281
0.0663612
0.0421378
0.0393903
0.158816
0.082992
0.102709
0.0613998
0.0802043
0.0929756
0.0667096
0.14677
0.0528126
0.0772074
0.107748
0.0724418
0.135201
0.0423232
0.117035
0.064904
0.0955273
0.102057
0.115147
0.074324
0.135419
0.0601846
0.083693
0.0616229
0.103876
0.138659
0.0832344
0.0174448
0.0472757
0.0515789
0.106256
0.0428944
0.0713787
0.0668581
0.167233
0.0646944
0.0756258
0.217666
0.125928
0.0610423
0.126657
0.0773169
0.0797521
0.117182
0.112233
0.0396699
0.0987086
0.155681
0.0656448
0.0698317
0.0603864
0.0901016
0.0603754
0.0521131
0.070058
0.0797253
0.0797876
0.0984198
0.0856876
0.122697
0.0601858
0.0769162
0.0699777
0.165923
0.163606
0.17548
0.0879402
0.0876594
0.119872
0.0736904
0.0411518
0.101825
0.111713
0.116804
0.116661
0.181057
0.136144
0.0699558
0.115951
0.0792372
0.0847536
0.0843708
0.020365
0.0685044
0.0805244
0.0863946
0.12559
0.161166
0.12208
0.221151
0.109884
0.0634298
0.0845582
0.0612905
0.137356
0.122889
0.0782081
0.0449696
0.175478
0.0393291
0.0740564
0.0390842
0.105634
0.0692702
0.132592
0.0703449
0.0560131
0.115165
0.104353
0.048101
0.0943994
0.119376
0.0512199
0.0739917
0.152043
0.0709392
0.190555
0.0453471
0.105953
0.15921
0.0657049
0.0450758
0.0409674
0.0937209
0.112633
0.0375121
0.135825
0.0679698
0.163389
0.132851
0.0583862
0.123659
0.066803
0.0626788
0.070254
0.096067
0.0822305
0.159026
0.0932178
0.101443
0.0412885
0.080713
0.146819
0.115416
0.166097
0.0842291
0.0653113
0.0801631
0.119681
0.0226641
0.0747615
0.0436131
0.0698903
0.146097
0.106247
0.142242
0.115599
0.0888268
0.0967513
0.0686703
0.12377
0.125204
0.120817
0.0816338
0.147564
0.148462
0.0379034
0.0506073
0.0774247
0.0480993
0.12264
0.15229
0.175383
0.0116234
0.0996915
0.0224032
0.0513502
0.125302
0.0441771
0.0692871
0.0874392
0.0990987
0.131782
0.052973
0.0593398
0.013034
0.131649
0.0647705
0.0202781
0.0590662
0.130353
0.0418281
0.0930121
0.0149536
0.102696
0.0500846
0.0971789
0.180137
0.0667528
0.0650452
0.063834
0.0895587
0.22434
0.0563408
0.127608
0.16071
0.0941666
0.178936
0.0583259
0.0341154
0.176635
0.085322
0.0344
0.0729357
0.128148
0.0913698
0.198667
0.0986657
0.0790596
0.126124
0.112546
0.0809769
0.183033
0.1074
0.0678037
0.0719797
0.0719746
0.128123
0.151883
0.0743743
0.0761359
0.161003
0.0607578
0.137827
0.10205
0.0584514
0.0578777
0.107242
0.0602488
0.0432427
0.149035
0.0479782
0.0610234
0.0613663
0.0521059
0.0646214
0.110303
0.112056
0.178328
0.113531
0.0295511
0.160043
0.240889
0.083508
0.0488093
0.0725888
0.110445
0.135814
0.0494646
0.176065
0.0948215
0.0328326
0.0293042
0.126415
0.0975016
0.128946
0.0375614
0.0956954
0.0560292
0.11462
0.0492398
0.0738804
0.0662466
0.109237
0.0320485
0.101054
0.0653107
0.0862684
0.0750532
0.134233
0.124942
0.106945
0.11478
0.0447692
0.121844
0.0949007
0.0436611
0.115704
0.0588842
0.146635
0.130114
0.0809217
0.0541018
0.125674
0.0306898
0.116134
0.0574021
0.0447087
0.0527928
0.0790227
0.0758336
0.0602889
0.120635
0.109084
0.0832214
0.0492627
0.13674
0.0542016
0.0564136
0.102597
0.0311741
0.114566
0.0791852
0.0230432
0.0630373
0.113332
0.107053
0.161174
0.108682
0.049887
0.0613475
0.090454
0.0693134
0.0690524
0.0488855
0.0723305
0.112941
0.113484
0.0645521
0.0739158
0.0181987
0.0659962
0.0902676
0.0819016
0.0515993
0.134367
0.153685
0.0875834
0.09834
0.10086
0.0594976
0.0660363
0.0440958
0.0531475
0.0604726
0.147736
0.108795
0.0663699
0.109608
0.0743561
0.0927643
0.0670541
0.0295457
0.168773
0.0486526
0.0897691
0.0514974
0.091302
0.17556
0.0701574
0.0726078
0.0543696
0.0604213
0.0886421
0.0985872
0.0713525
0.101661
0.0853433
0.0506967
0.0797437
0.0964199
0.118686
0.0541829
0.275352
0.113598
0.104123
0.0474364
0.0856397
0.0730785
0.154344
0.0627085
0.0674912
0.0460943
0.0448815
0.0881545
0.0712054
0.144467
0.0915102
0.0392939
0.0511074
0.122364
0.0783328
0.114524
0.0525502
0.0966215
0.072011
0.0878276
0.10189
0.188288
0.0427433
0.134919
0.0613161
0.146212
0.072741
0.106067
0.124233
0.0864321
0.0739753
0.10581
0.0546122
0.0895464
0.137912
0.0653489
0.0426533
0.0853735
0.0990404
0.128058
0.0675023
0.0848469
0.129384
0.0829568
0.0775891
0.0775812
0.0437014
0.0655888
0.0815532
0.0117864
0.092913
0.105799
0.0576111
0.0810272
0.12303
0.0931754
0.0710519
0.055725
0.106342
0.0553314
0.0967323
0.0633698
0.0667413
0.0911295
0.0354308
0.0738512
0.0940906
0.0643947
0.0748025
0.0677969
0.0489651
0.0922942
0.0459083
0.0669773
0.107972
0.125381
0.0990747
0.10311
0.0501977
0.0331002
0.125662
0.0888739
0.0345769
0.152172
0.0423046
0.0489457
0.0702126
0.195292
0.0388007
0.0943471
0.0511237
0.101477
0.0687817
0.0749175
0.108012
0.0916998
0.054967
0.0616658
0.10248
0.152563
0.062625
0.0772867
0.0566313
0.0608098
0.0827411
0.186792
0.0559514
0.0977795
0.113031
0.0970158
0.213315
0.133192
0.119364
0.148864
0.117631
0.0833244
0.0905654
0.0458288
0.0590066
0.130237
0.107257
0.182986
0.0427864
0.0475969
0.0907163
0.153072
0.071376
0.133941
0.11895
0.113609
0.0945071
0.0396859
0.093919
0.100536
0.0598473
0.112375
0.0177057
0.0374635
0.0742224
0.0426078
0.161097
0.0991824
0.0838341
0.100712
0.0625475
0.123106
0.0611906
0.0737697
0.0172937
0.0757989
0.0852826
0.036619
0.0802567
0.154642
0.0629043
0.113829
0.128634
0.10948
0.0961053
0.132781
0.156596
0.0566282
0.0572577
0.102853
0.0505231
0.128919
0.159135
0.054463
0.0912673
0.107637
0.0934328
0.037629
0.0298039
0.0410473
0.134532
0.154657
0.0618846
0.113631
0.0536536
0.0402418
0.0899522
0.0258614
0.0740858
0.0958842
0.107963
0.212653
0.0690353
0.063275
0.101276
0.059465
0.0691613
0.142355
0.024605
0.0934281
0.0385364
0.132561
0.127925
0.0854544
0.0655519
0.101726
0.0440989
0.0843109
0.119411
0.133513
0.0696968
0.111087
0.0976818
0.102302
0.0386005
0.0519106
0.0961787
0.164967
0.115428
0.107383
0.0777441
0.109263
0.0759477
0.0555077
0.109139
0.110632
0.0674923
0.0931199
0.0892772
0.0983113
0.14604
0.0698305
0.116848
0.0908688
0.161404
0.1021
0.0604625
0.063049
0.150905
0.156915
0.13515
0.0878181
0.0459803
0.078841
0.105679
0.112488
0.12213
0.0640273
0.0799509
0.1078
0.0782317
0.0927046
0.146789
0.0417781
0.0289853
0.0213833
0.0565409
0.0575009
0.0419444
0.106148
0.0502454
0.0617605
0.0559635
0.133492
0.0544728
0.105222
0.102845
0.0190386
0.118619
0.0253134
0.115039
0.0710656
0.156721
0.105091
0.0903743
0.0567876
0.0982538
0.062583
0.0914675
0.0236847
0.11946
0.08057
0.0634312
0.05388
0.136813
0.126193
0.239444
0.0756397
0.202114
0.144537
0.0397692
0.0736833
0.0705137
0.112674
0.0506344
0.0337372
0.0367649
0.0494254
0.137842
0.0917787
0.104945
0.0749559
0.0511859
0.134966
0.116765
0.097323
0.0884879
0.0594557
0.121883
0.0550098
0.140217
0.11535
0.064853
0.0948885
0.0368561
0.196441
0.117307
0.115119
0.186393
0.0965406
0.0825327
0.161278
0.0475848
0.0494421
0.117735
0.143066
0.160379
0.136
0.023247
0.0639474
0.0767362
0.0981229
0.0592675
0.0889595
0.103631
0.149788
0.110352
0.0982277
0.053104
0.112839
0.126414
0.110782
0.0896316
0.095744
0.0436671
0.0331978
0.115199
0.0796953
0.0301951
0.125656
0.0350998
0.145025
0.0968646
0.187693
0.128794
0.0298188
0.0610651
0.0831045
0.0871242
0.0404869
0.0736972
0.134492
0.084271
0.0608107
0.120168
0.13146
0.0862774
0.118373
0.0862843
