ip_logTarget_unified = zeros(10000,1);
ip_logTarget_unified = [-15.9744
-15.9767
-15.9776
-15.9771
-15.9745
-15.9719
-15.9694
-15.9731
-15.9728
-15.9676
-15.9747
-15.9741
-15.9685
-15.9676
-15.9661
-15.9656
-15.9629
-15.9636
-15.9701
-15.9708
-15.9738
-15.9722
-15.9672
-15.9692
-15.9687
-15.9681
-15.97
-15.9705
-15.972
-15.9713
-15.9682
-15.97
-15.9693
-15.964
-15.9664
-15.9711
-15.9667
-15.9679
-15.9676
-15.9696
-15.9703
-15.9668
-15.9707
-15.97
-15.9681
-15.9687
-15.9705
-15.9727
-15.9703
-15.9699
-15.9671
-15.9651
-15.9691
-15.9682
-15.9631
-15.9638
-15.9665
-15.9677
-15.9651
-15.9598
-15.9649
-15.9611
-15.9597
-15.9634
-15.9675
-15.9677
-15.9702
-15.965
-15.9686
-15.9674
-15.9626
-15.961
-15.9655
-15.9683
-15.9678
-15.9614
-15.9692
-15.971
-15.9691
-15.9735
-15.971
-15.9729
-15.9726
-15.972
-15.9714
-15.9716
-15.9733
-15.9713
-15.9709
-15.9665
-15.9666
-15.9649
-15.9659
-15.9667
-15.9641
-15.9706
-15.9682
-15.9653
-15.9681
-15.9675
-15.9638
-15.9658
-15.9589
-15.9592
-15.9583
-15.9637
-15.9602
-15.9598
-15.9644
-15.9653
-15.9631
-15.9663
-15.9673
-15.9647
-15.9643
-15.9615
-15.9637
-15.9645
-15.9631
-15.9616
-15.9636
-15.9639
-15.9643
-15.9629
-15.9649
-15.9678
-15.9642
-15.9671
-15.9668
-15.9643
-15.9566
-15.9576
-15.9608
-15.964
-15.9688
-15.9684
-15.9692
-15.9682
-15.9673
-15.965
-15.9643
-15.9622
-15.965
-15.961
-15.9622
-15.96
-15.9571
-15.9615
-15.9562
-15.9603
-15.9598
-15.9561
-15.9554
-15.9555
-15.9572
-15.9583
-15.9623
-15.9637
-15.9644
-15.9634
-15.9619
-15.9613
-15.9587
-15.9557
-15.9602
-15.954
-15.9605
-15.962
-15.9619
-15.9613
-15.9621
-15.9601
-15.9626
-15.9628
-15.9661
-15.965
-15.964
-15.9586
-15.9645
-15.9638
-15.9677
-15.9682
-15.9671
-15.9616
-15.9634
-15.963
-15.9594
-15.9626
-15.9631
-15.9661
-15.9642
-15.9674
-15.9669
-15.9634
-15.9636
-15.9639
-15.9676
-15.9686
-15.9657
-15.9694
-15.9692
-15.9709
-15.9641
-15.9672
-15.9637
-15.9642
-15.9611
-15.9636
-15.9631
-15.9618
-15.9626
-15.97
-15.9703
-15.971
-15.974
-15.9699
-15.9784
-15.9831
-15.9789
-15.9763
-15.9783
-15.9776
-15.9896
-15.9898
-15.991
-15.9941
-16.0048
-16.0125
-16.0146
-16.0113
-16.0205
-16.0347
-16.0363
-16.0443
-16.0387
-16.0387
-16.0399
-16.0408
-16.0397
-16.0347
-16.0342
-16.0323
-16.0306
-16.034
-16.0359
-16.0347
-16.0303
-16.0321
-16.0297
-16.0286
-16.0242
-16.022
-16.016
-16.0104
-16.0115
-16.0162
-16.0079
-16.0098
-16.0001
-15.9973
-16.0009
-15.9979
-15.9945
-15.9937
-15.9861
-15.9926
-15.9945
-15.9728
-15.9781
-15.9794
-15.9728
-15.9735
-15.9752
-15.9708
-15.9705
-15.9753
-15.9695
-15.9762
-15.9819
-15.9863
-15.9867
-15.9911
-15.9879
-15.9824
-15.9849
-15.9841
-15.9781
-15.9838
-15.9868
-15.9872
-15.9875
-15.984
-15.9902
-15.9963
-15.9911
-15.9957
-16.0021
-16.0054
-16.0092
-15.9993
-15.9917
-15.9912
-15.9993
-16.0112
-16.0166
-16.0139
-16.0122
-16.012
-16.0143
-16.015
-16.0201
-16.0231
-16.0274
-16.0286
-16.0261
-16.0263
-16.0305
-16.0317
-16.0239
-16.026
-16.0313
-16.0261
-16.0298
-16.0298
-16.0294
-16.0237
-16.0238
-16.0214
-16.0267
-16.0169
-16.0034
-16.0043
-16.0114
-16.0076
-16.0078
-16.0113
-16.0082
-16.0093
-16.0082
-16.018
-16.0231
-16.0272
-16.0151
-16.008
-16.0016
-16.0051
-16.0075
-15.9965
-15.9979
-15.9959
-15.996
-16.0028
-16.01
-16.0074
-16.0125
-16.0176
-16.0188
-16.0315
-16.0352
-16.0346
-16.0245
-16.0263
-16.026
-16.0247
-16.0305
-16.0259
-16.0187
-16.0127
-16.0123
-16.0166
-16.0219
-16.016
-16.0135
-16.0248
-16.0238
-16.023
-16.0265
-16.0336
-16.0333
-16.0249
-16.0294
-16.0283
-16.0293
-16.0271
-16.0312
-16.0336
-16.0342
-16.0333
-16.0356
-16.0361
-16.036
-16.0362
-16.0381
-16.0361
-16.0399
-16.037
-16.044
-16.0406
-16.0464
-16.0462
-16.0453
-16.0498
-16.0455
-16.0432
-16.043
-16.0411
-16.0421
-16.0376
-16.0379
-16.0388
-16.037
-16.0382
-16.0315
-16.0281
-16.0381
-16.0408
-16.039
-16.0454
-16.0377
-16.0409
-16.0386
-16.0347
-16.0382
-16.0455
-16.0481
-16.055
-16.0529
-16.0507
-16.0461
-16.047
-16.0495
-16.0459
-16.0424
-16.0374
-16.0339
-16.0355
-16.0332
-16.0299
-16.0343
-16.0412
-16.0397
-16.0406
-16.0424
-16.0463
-16.0496
-16.0474
-16.0504
-16.0417
-16.0446
-16.0431
-16.035
-16.0317
-16.0316
-16.0263
-16.0203
-16.0198
-16.0124
-16.0139
-16.0147
-16.0172
-16.0179
-16.0211
-16.0194
-16.0215
-16.0174
-16.0212
-16.0223
-16.0215
-16.0172
-16.0184
-16.0177
-16.0193
-16.0203
-16.0256
-16.0174
-16.0154
-16.0204
-16.0184
-16.0166
-16.0188
-16.0233
-16.0246
-16.018
-16.0162
-16.018
-16.0193
-16.0129
-16.0104
-16.0118
-16.0096
-16.0063
-16.0031
-15.9939
-15.9888
-15.9826
-15.987
-15.9835
-15.9792
-15.9822
-15.977
-15.9756
-15.9759
-15.9729
-15.973
-15.9691
-15.9699
-15.968
-15.9691
-15.9706
-15.9641
-15.9626
-15.9677
-15.9721
-15.9729
-15.9739
-15.9727
-15.9718
-15.9611
-15.9677
-15.9668
-15.9682
-15.9647
-15.9661
-15.9671
-15.9669
-15.9673
-15.9658
-15.9671
-15.9609
-15.961
-15.9604
-15.9615
-15.9653
-15.9646
-15.9648
-15.9713
-15.9646
-15.965
-15.9599
-15.9615
-15.9657
-15.9682
-15.9656
-15.9611
-15.9627
-15.9598
-15.9677
-15.9659
-15.9673
-15.9693
-15.9649
-15.963
-15.9687
-15.9655
-15.9675
-15.9686
-15.9664
-15.9713
-15.9727
-15.9706
-15.9626
-15.9602
-15.9606
-15.962
-15.9627
-15.9599
-15.96
-15.9584
-15.9624
-15.9587
-15.9665
-15.963
-15.9672
-15.969
-15.9631
-15.967
-15.9641
-15.9614
-15.9637
-15.9617
-15.9561
-15.9548
-15.9603
-15.9615
-15.953
-15.9541
-15.9593
-15.964
-15.9638
-15.967
-15.9662
-15.9675
-15.9693
-15.9704
-15.9711
-15.9722
-15.9739
-15.9747
-15.9749
-15.976
-15.9743
-15.9754
-15.9741
-15.9733
-15.9692
-15.9747
-15.9711
-15.9724
-15.9731
-15.9746
-15.9715
-15.9705
-15.9681
-15.9679
-15.968
-15.9694
-15.9703
-15.9668
-15.9749
-15.9751
-15.9726
-15.973
-15.9718
-15.9672
-15.9679
-15.9673
-15.9675
-15.9699
-15.9751
-15.9761
-15.9754
-15.9832
-15.9817
-15.9762
-15.9784
-15.9838
-15.9825
-15.991
-15.9883
-15.9797
-15.9769
-15.9791
-15.9801
-15.9821
-15.9774
-15.9718
-15.9729
-15.973
-15.9745
-15.9768
-15.98
-15.978
-15.9803
-15.9822
-15.9852
-15.9779
-15.9762
-15.9841
-15.9898
-15.9895
-15.988
-15.9947
-15.9902
-15.9926
-15.9902
-15.992
-15.9848
-15.9889
-15.9816
-15.981
-15.9826
-15.9713
-15.9692
-15.9653
-15.9687
-15.9713
-15.9698
-15.9704
-15.9666
-15.9697
-15.9704
-15.9713
-15.9703
-15.9709
-15.9695
-15.9702
-15.9644
-15.9655
-15.9632
-15.9631
-15.9575
-15.9626
-15.9628
-15.9688
-15.966
-15.9663
-15.9675
-15.9686
-15.968
-15.9638
-15.9648
-15.9699
-15.9721
-15.9688
-15.9714
-15.972
-15.9637
-15.9659
-15.9638
-15.9632
-15.9635
-15.9706
-15.9682
-15.9694
-15.9712
-15.969
-15.9658
-15.9701
-15.9643
-15.9614
-15.9642
-15.9647
-15.9678
-15.969
-15.9729
-15.9675
-15.9623
-15.9673
-15.9697
-15.9681
-15.9682
-15.9648
-15.9605
-15.9647
-15.9706
-15.9711
-15.9726
-15.9745
-15.9732
-15.973
-15.9755
-15.9741
-15.9739
-15.9709
-15.9671
-15.9633
-15.9654
-15.965
-15.9671
-15.9663
-15.9656
-15.9656
-15.9629
-15.963
-15.9607
-15.9614
-15.963
-15.9646
-15.9678
-15.9672
-15.9758
-15.9728
-15.9745
-15.973
-15.9728
-15.9703
-15.9719
-15.9713
-15.9712
-15.9695
-15.9708
-15.9701
-15.9629
-15.9601
-15.9567
-15.9584
-15.9566
-15.9599
-15.9609
-15.9545
-15.9564
-15.9586
-15.9554
-15.954
-15.9572
-15.9539
-15.9541
-15.9562
-15.9562
-15.9596
-15.9598
-15.9606
-15.9672
-15.9684
-15.9674
-15.9625
-15.9608
-15.967
-15.9669
-15.9631
-15.9612
-15.9649
-15.9664
-15.9648
-15.9683
-15.9685
-15.9655
-15.9621
-15.962
-15.9578
-15.9572
-15.9559
-15.956
-15.9549
-15.9541
-15.9528
-15.951
-15.9508
-15.9518
-15.9504
-15.9498
-15.9489
-15.9548
-15.9555
-15.9541
-15.955
-15.9529
-15.9608
-15.9595
-15.956
-15.9546
-15.9555
-15.9586
-15.9612
-15.9564
-15.9584
-15.9582
-15.9624
-15.9619
-15.9587
-15.9597
-15.9617
-15.9667
-15.9693
-15.9686
-15.9661
-15.966
-15.9581
-15.9652
-15.9646
-15.9672
-15.9693
-15.959
-15.958
-15.959
-15.9609
-15.9608
-15.9583
-15.9567
-15.9541
-15.9549
-15.9532
-15.9534
-15.9568
-15.9576
-15.9608
-15.9618
-15.9603
-15.9572
-15.9554
-15.9592
-15.9627
-15.9586
-15.9575
-15.9574
-15.9551
-15.9544
-15.9532
-15.949
-15.9518
-15.9541
-15.9592
-15.959
-15.954
-15.9539
-15.9535
-15.9595
-15.9582
-15.9586
-15.9529
-15.9486
-15.9535
-15.9485
