ip_logLike_sub0 = zeros(10000,1);
ip_logLike_sub0 = [-12.0624
-12.0647
-12.0656
-12.0651
-12.0624
-12.0599
-12.0573
-12.061
-12.0608
-12.0556
-12.0627
-12.0621
-12.0565
-12.0556
-12.0541
-12.0536
-12.0509
-12.0516
-12.0581
-12.0587
-12.0618
-12.0602
-12.0551
-12.0571
-12.0567
-12.0561
-12.058
-12.0585
-12.0599
-12.0592
-12.0562
-12.058
-12.0573
-12.052
-12.0544
-12.0591
-12.0547
-12.0558
-12.0556
-12.0576
-12.0583
-12.0548
-12.0586
-12.058
-12.056
-12.0567
-12.0585
-12.0607
-12.0583
-12.0579
-12.055
-12.0531
-12.0571
-12.0562
-12.051
-12.0518
-12.0544
-12.0557
-12.0531
-12.0477
-12.0528
-12.0491
-12.0477
-12.0514
-12.0554
-12.0557
-12.0581
-12.0529
-12.0566
-12.0554
-12.0506
-12.049
-12.0535
-12.0562
-12.0558
-12.0494
-12.0571
-12.059
-12.0571
-12.0615
-12.059
-12.0609
-12.0605
-12.0599
-12.0593
-12.0596
-12.0612
-12.0593
-12.0589
-12.0545
-12.0545
-12.0529
-12.0539
-12.0547
-12.052
-12.0586
-12.0562
-12.0533
-12.0561
-12.0554
-12.0518
-12.0538
-12.0468
-12.0471
-12.0463
-12.0517
-12.0481
-12.0478
-12.0524
-12.0532
-12.0511
-12.0543
-12.0553
-12.0527
-12.0523
-12.0495
-12.0517
-12.0525
-12.0511
-12.0496
-12.0516
-12.0518
-12.0523
-12.0509
-12.0529
-12.0558
-12.0522
-12.055
-12.0547
-12.0522
-12.0446
-12.0456
-12.0488
-12.0519
-12.0568
-12.0563
-12.0572
-12.0562
-12.0553
-12.053
-12.0523
-12.0502
-12.053
-12.049
-12.0502
-12.048
-12.0451
-12.0495
-12.0441
-12.0482
-12.0478
-12.0441
-12.0433
-12.0434
-12.0451
-12.0463
-12.0503
-12.0517
-12.0524
-12.0514
-12.0498
-12.0493
-12.0467
-12.0437
-12.0481
-12.042
-12.0485
-12.05
-12.0498
-12.0493
-12.0501
-12.0481
-12.0506
-12.0507
-12.0541
-12.0529
-12.052
-12.0465
-12.0525
-12.0518
-12.0557
-12.0562
-12.0551
-12.0496
-12.0514
-12.051
-12.0474
-12.0505
-12.0511
-12.0541
-12.0522
-12.0554
-12.0549
-12.0514
-12.0516
-12.0518
-12.0555
-12.0566
-12.0537
-12.0574
-12.0572
-12.0589
-12.0521
-12.0552
-12.0517
-12.0522
-12.049
-12.0516
-12.0511
-12.0498
-12.0505
-12.0579
-12.0582
-12.059
-12.0619
-12.0579
-12.0664
-12.071
-12.0668
-12.0643
-12.0663
-12.0656
-12.0776
-12.0777
-12.0789
-12.0821
-12.0928
-12.1004
-12.1026
-12.0993
-12.1085
-12.1227
-12.1243
-12.1323
-12.1267
-12.1267
-12.1279
-12.1288
-12.1277
-12.1227
-12.1222
-12.1203
-12.1186
-12.1219
-12.1239
-12.1226
-12.1183
-12.12
-12.1177
-12.1166
-12.1122
-12.1099
-12.104
-12.0984
-12.0994
-12.1042
-12.0959
-12.0978
-12.088
-12.0853
-12.0889
-12.0859
-12.0825
-12.0817
-12.0741
-12.0806
-12.0825
-12.0608
-12.066
-12.0674
-12.0608
-12.0615
-12.0632
-12.0588
-12.0585
-12.0633
-12.0575
-12.0642
-12.0699
-12.0743
-12.0746
-12.0791
-12.0759
-12.0704
-12.0729
-12.072
-12.0661
-12.0717
-12.0748
-12.0752
-12.0755
-12.0719
-12.0782
-12.0842
-12.079
-12.0836
-12.09
-12.0934
-12.0972
-12.0873
-12.0797
-12.0792
-12.0872
-12.0992
-12.1045
-12.1018
-12.1002
-12.0999
-12.1023
-12.103
-12.108
-12.1111
-12.1154
-12.1165
-12.1141
-12.1143
-12.1185
-12.1197
-12.1119
-12.114
-12.1193
-12.1141
-12.1178
-12.1178
-12.1173
-12.1117
-12.1118
-12.1094
-12.1146
-12.1049
-12.0914
-12.0923
-12.0994
-12.0955
-12.0958
-12.0993
-12.0962
-12.0973
-12.0961
-12.106
-12.1111
-12.1151
-12.1031
-12.096
-12.0895
-12.0931
-12.0955
-12.0844
-12.0859
-12.0838
-12.0839
-12.0908
-12.0979
-12.0954
-12.1005
-12.1056
-12.1068
-12.1194
-12.1232
-12.1225
-12.1125
-12.1143
-12.1139
-12.1126
-12.1185
-12.1139
-12.1066
-12.1007
-12.1002
-12.1046
-12.1099
-12.104
-12.1015
-12.1128
-12.1118
-12.111
-12.1145
-12.1215
-12.1212
-12.1129
-12.1174
-12.1163
-12.1172
-12.115
-12.1192
-12.1216
-12.1222
-12.1212
-12.1236
-12.124
-12.124
-12.1241
-12.126
-12.1241
-12.1278
-12.125
-12.132
-12.1286
-12.1344
-12.1342
-12.1333
-12.1377
-12.1334
-12.1312
-12.131
-12.1291
-12.1301
-12.1256
-12.1259
-12.1268
-12.125
-12.1262
-12.1194
-12.1161
-12.1261
-12.1287
-12.127
-12.1333
-12.1256
-12.1288
-12.1266
-12.1227
-12.1262
-12.1335
-12.1361
-12.1429
-12.1409
-12.1387
-12.1341
-12.135
-12.1375
-12.1339
-12.1304
-12.1254
-12.1219
-12.1235
-12.1211
-12.1178
-12.1223
-12.1292
-12.1277
-12.1286
-12.1304
-12.1343
-12.1376
-12.1354
-12.1384
-12.1297
-12.1326
-12.1311
-12.123
-12.1197
-12.1196
-12.1142
-12.1083
-12.1077
-12.1004
-12.1019
-12.1027
-12.1052
-12.1059
-12.1091
-12.1074
-12.1095
-12.1054
-12.1092
-12.1102
-12.1095
-12.1052
-12.1064
-12.1057
-12.1073
-12.1083
-12.1136
-12.1053
-12.1034
-12.1084
-12.1064
-12.1046
-12.1068
-12.1113
-12.1125
-12.106
-12.1042
-12.106
-12.1072
-12.1008
-12.0984
-12.0998
-12.0975
-12.0943
-12.0911
-12.0819
-12.0768
-12.0706
-12.075
-12.0715
-12.0671
-12.0702
-12.065
-12.0636
-12.0639
-12.0609
-12.061
-12.057
-12.0579
-12.0559
-12.057
-12.0586
-12.0521
-12.0506
-12.0557
-12.06
-12.0609
-12.0619
-12.0606
-12.0598
-12.0491
-12.0557
-12.0548
-12.0562
-12.0527
-12.0541
-12.0551
-12.0549
-12.0553
-12.0538
-12.0551
-12.0489
-12.049
-12.0484
-12.0495
-12.0533
-12.0526
-12.0528
-12.0592
-12.0526
-12.053
-12.0479
-12.0495
-12.0537
-12.0562
-12.0536
-12.0491
-12.0507
-12.0478
-12.0557
-12.0539
-12.0552
-12.0573
-12.0529
-12.051
-12.0566
-12.0535
-12.0554
-12.0565
-12.0544
-12.0593
-12.0607
-12.0586
-12.0506
-12.0482
-12.0485
-12.0499
-12.0507
-12.0478
-12.048
-12.0464
-12.0504
-12.0466
-12.0544
-12.051
-12.0551
-12.057
-12.0511
-12.055
-12.0521
-12.0494
-12.0517
-12.0496
-12.0441
-12.0428
-12.0483
-12.0495
-12.0409
-12.042
-12.0473
-12.052
-12.0518
-12.0549
-12.0542
-12.0555
-12.0573
-12.0584
-12.0591
-12.0602
-12.0618
-12.0627
-12.0628
-12.064
-12.0623
-12.0634
-12.062
-12.0613
-12.0572
-12.0626
-12.0591
-12.0604
-12.0611
-12.0626
-12.0595
-12.0585
-12.056
-12.0559
-12.056
-12.0573
-12.0582
-12.0548
-12.0629
-12.0631
-12.0606
-12.061
-12.0598
-12.0552
-12.0558
-12.0553
-12.0554
-12.0579
-12.0631
-12.0641
-12.0634
-12.0712
-12.0697
-12.0642
-12.0664
-12.0718
-12.0705
-12.079
-12.0762
-12.0677
-12.0649
-12.067
-12.0681
-12.0701
-12.0654
-12.0598
-12.0609
-12.061
-12.0625
-12.0647
-12.068
-12.066
-12.0683
-12.0701
-12.0732
-12.0659
-12.0642
-12.0721
-12.0778
-12.0775
-12.076
-12.0827
-12.0782
-12.0806
-12.0782
-12.08
-12.0728
-12.0769
-12.0695
-12.0689
-12.0706
-12.0593
-12.0572
-12.0533
-12.0566
-12.0592
-12.0578
-12.0584
-12.0546
-12.0577
-12.0584
-12.0593
-12.0583
-12.0589
-12.0575
-12.0582
-12.0523
-12.0535
-12.0511
-12.0511
-12.0455
-12.0506
-12.0507
-12.0568
-12.0539
-12.0543
-12.0555
-12.0566
-12.0559
-12.0518
-12.0528
-12.0579
-12.0601
-12.0567
-12.0593
-12.06
-12.0516
-12.0539
-12.0517
-12.0512
-12.0515
-12.0586
-12.0562
-12.0574
-12.0591
-12.057
-12.0538
-12.0581
-12.0523
-12.0494
-12.0521
-12.0527
-12.0557
-12.057
-12.0609
-12.0555
-12.0503
-12.0553
-12.0577
-12.0561
-12.0561
-12.0527
-12.0485
-12.0527
-12.0586
-12.0591
-12.0605
-12.0625
-12.0611
-12.061
-12.0635
-12.0621
-12.0619
-12.0589
-12.0551
-12.0512
-12.0534
-12.0529
-12.0551
-12.0543
-12.0536
-12.0536
-12.0509
-12.051
-12.0487
-12.0494
-12.051
-12.0526
-12.0558
-12.0551
-12.0638
-12.0608
-12.0624
-12.0609
-12.0608
-12.0582
-12.0599
-12.0593
-12.0591
-12.0575
-12.0588
-12.0581
-12.0509
-12.0481
-12.0447
-12.0464
-12.0446
-12.0478
-12.0489
-12.0425
-12.0443
-12.0466
-12.0433
-12.042
-12.0452
-12.0418
-12.0421
-12.0442
-12.0442
-12.0476
-12.0478
-12.0486
-12.0552
-12.0563
-12.0554
-12.0505
-12.0487
-12.055
-12.0549
-12.0511
-12.0492
-12.0529
-12.0544
-12.0528
-12.0563
-12.0565
-12.0535
-12.0501
-12.05
-12.0458
-12.0452
-12.0438
-12.044
-12.0429
-12.0421
-12.0408
-12.0389
-12.0388
-12.0397
-12.0384
-12.0378
-12.0368
-12.0428
-12.0435
-12.0421
-12.0429
-12.0409
-12.0488
-12.0474
-12.044
-12.0426
-12.0435
-12.0466
-12.0492
-12.0444
-12.0464
-12.0462
-12.0504
-12.0499
-12.0467
-12.0477
-12.0497
-12.0546
-12.0572
-12.0566
-12.0541
-12.054
-12.0461
-12.0532
-12.0526
-12.0552
-12.0572
-12.0469
-12.046
-12.047
-12.0489
-12.0488
-12.0463
-12.0447
-12.0421
-12.0429
-12.0412
-12.0414
-12.0448
-12.0456
-12.0488
-12.0498
-12.0482
-12.0452
-12.0433
-12.0472
-12.0507
-12.0466
-12.0455
-12.0454
-12.0431
-12.0423
-12.0411
-12.037
-12.0398
-12.0421
-12.0471
-12.047
-12.042
-12.0418
-12.0415
-12.0474
-12.0462
-12.0466
-12.0409
-12.0366
-12.0414
-12.0365
-12.0354
